664 1111111 1111111111

1 111, 11 nt 11 11111111 calpurnius anna 11, 111111
11111 1213 1212 125, 25 Q. Calpurnius Piso 818
Caecina 109, 14 castrum 0111111111 56110
Caelius tribunus 105, 21 Canachum 491, 1
11.01111111111111110,16 155,3 011111111116140,7
Caeliusmons 7,15 caminaras, 131115 11171123
Caeninenses 5, 16 6,10 0111111123, 11 514 6124 et 26
Cacnomannill,l 0111111116 9,7 2141113 31,
Caenophrurium 233, 21 171119 5116 61, 33 6123
0111101112911123 unumunurn 1813 200,
n. caepio 111, 11 1111 11 111, 11 alac 111, 11 auus
Caerosi 141, 9 314, 7
Caesarea 1619 367, 31 375, 21 Campanumlitus 12110
4613 4611 466,16 Campus 325, 32
Caesariani 1518 16115 Canidius 170, 25
011111111111456, 26 Caninius 150, 411 1211 13 11 la
Caesarum 11111615 Gaius Caninius 149, 27 et 30 150,
Casuentus ’ 2113
011111111160, 10 0111111157, 10
Caieta 23, 14 01111111111111166, 10
011111154112 Cantabri 317 143, 25 1711314
Calabri 20, 3 15 1125
Caiabl'ia 60, 17 372, 15 513, 21 Cantabria 172, 22
52118 52110 531111 Cantabrica uictoria 173, 21
Calagurris 1219 Cantabricus 114, 27
Calatinus 40, 7 Caparronia Vestalis 36, 1
0111111 131, 12 011111155114
Calenus ager 35, 22 Capetus Siluine 3, 9 sq.
0111111417 141121113 Iuppiter Capitolinus 619
0011111111 1814 1619 16111 011111111111111111 116
usas 1111111 raanan 011111111111 aa au 1111 ’
20117 118111 12 et 18 517 78, 27
0111011111 1111 1111 11, 11 1111111111
Gallinaria 1111 11115111, 11 nau 111, 11
calligraphus 4215 1612411125 1811211118 ras,
011111111111111111111465,16 4912 19 201, 27 20116 207, 24 210
-1111111111111474, 15 8 23121

- martyr 111, 11 Cappadoces 111, 1 111, 11 111, 11
Gallianates, 18 55114 61118

Callistus 271, 26 011116111176, 16 11120 21116
0111111111 24116 26122 355,10 42117 427, lt
Calpurnia 160, 28 466, 16 4615 488, 26 50115511.
Calpurnius Bestia 161, 15 1120 517, 20 52113 524, 23 5411

 

