INDEX nomm

211, 119122 2181 91 13 9122 Vangiones 140, 16
9128 282,2 283, 5 9124 2884 1911111911 3281
911 285, 239121 28819116 Vargunteius 152, lo
9125 9128 28859112 28813 11110111111214,99122
9118 9125 291, 20 1919115816 1581
111911 Licinianus 221, 23 Ρ. Votienus ’11, 20 91 23 91 26 sq.
valentinianistae nenessitas Vbii 144, 1
291, 149121 295, 23 298, 25 300 19919 193, 15
23 9128 311, 20 3189 318591 1911111311, 13
19 32832 3281919 325, 21 Veientani 11,4
323, 22 33820 9122 335, 25 91 Veientanum certamen 13, 28
30 331, 12 91 13 9123 sq. 33811 Veientes 5,11 89 1,4 8, 11 1824
341, 32 3184 35813 356, 28 1816 11,316,119119204,21
1681 Veliocasses 111,8 11813
111911111111119515, 11 1911191111 218, 19
Valentinianus 259, 9 213, 2 91 6 1919111810 111, 28 11812 120,
216,191991209123 2186 isq. 485, 21
230, 12 9126 231, 5 9125 2883 Venetia 215, 25 31815 3381
91191591691 19 9125 28820 1191116111 811111116825 11181
2889 2881 191119111123, 13
1119111111461,1 19111813 250, 23 251,1
1119119231, 8 1911119 51, 25
valerianus 1111 119, 11 · Veragri 111, 11 et 19
Valerius 11, 269123 33, 11 18, 21 Vercingetorix 143, 6 9124 119, 2
66, 30 11, 19 15815 Veregaban 513, 28
- 1111111191, 13 10812 19191151418, 30
0. Valerius Falco 48, 20 1919113183 31818

Valerius Flaccus 22, 13 12,1 Vergilianus 232, 23
Μ.11191111121,169120 191111111116,22 118, 15
Ρ. Valerius Laeuinus 29, 23 60, 22 Verissimus Caesar 214, 30
63, 19 Veromandi 111, 8
Publius Valerius Publicola 10, 22 91 Verona 226, 24 313, 2 911 91 9 91
11 lae 11 soni 11111

Vallia 313, 25 31820 311,4 1919191191235, 16
1111111211, 12 3182 31825 31821 (1191191 133, 26
328119128 328209125 32811 1911191119581,6 6181
91159123 3283 32829112 19111191111328,9
330, 23 33824 33811 34828 191111218139118
350, 2 352, 4 356, 26 9123 365, Vescia Oppia 62, 21
19121 36839115 361, 21 363, Vespasianus 11818 19859119110
89111 9120 3686 31811 31813 9115 9126 1981 915 91 0 9124
31899111 194, 28 1981111123 1982 913
Vandalicas 3682 36812 201, 15 202, 20 225, 20 3682

 

