618 mnus 1151151111

Arabessum 470, 15 Ardngaetns 406, 3 51 5 516518
Arabibus 454, 1 460, 1 481, 1 Ardalio 3095
4607 470, 17 475, 8 480,19 Α11111111111165385, 16
481, 13 487, 18 5110 498,14 5131315351, 19 345,18
511,15 5131 tract 631,16 Ardea 9, rostra
535,3 541,13 571, 18 Δ11111511115511115147,15
Α151111111 438, 19 451, 15 457,6 Α111115111111148,1
459,135111 400,3 461,1 463,6 Α1111111111111411,1
465,9 466, 13 468, 35115 470, Arelatensis
31 114, 14 51 16 419,16 181, Arelatense oppidum 141, 16
· 18 489,351551105117 491, ammonentes
8 500,14 606,16 611,11 monstruosissumam
619,8511851115130 534,15 Argentoratum 161,3 189,1
533, 16 540,8 641,18 549, 33 813553411
561,195117 564,115116 565,1 1411511115343, 13 35313
5116 661,95113 56913 610,6 Α1151111155055551151194, 16
576, 18 5113 593,11 609,15 Ariarathes 16, 19
Α111110111465,165133 460,1 1111511155 351, 1 51 3 514
Aram 461, 11 Arileua 316, 11
Araxes 135,16 161,15 · Ariminum 51,6 64, 13 114, 1
Amin 398, 30 154,4
Arbitius 301, 11 Ariminus 36,9
. Α155515155300, 165131 361, 11 Ariobarzanes 111, 11
303, 15 51 13 1411551515 61, 11
Arcades 6, 1 Arion Methymnaeus 8, 6
Arcadia 8313 Ariouindus 311, 11
Arcadii titulus 616, 10 Ariouistus 110, 8 51 13 51 16
Arcadii 301, 16 318, 10 51115118 Aristides Atheniensis 110, 1
Arcadio 306, 14 308, 5 310, 13 Aristides Smyrnaeus 118, 16
310, 19 Aristobolum 391, 31
monopolitanus Aristobulus 113, 1 138, 3 51 16
Areuanias, 5 1515 55511 rsus -
306, 11 som 30895116 310, Aristochus 136,1
65195111 Ariston 118,1
Archaeopolis 608, 19 Aristonicus 94, 19 9531116518
Archelaidcs 22³‚9 51 11
Archelai 119, 8 Aristoteles 319, 8
Archelaus 118, 4 51 8 51 10 511415. Armazon 111, 11
Archelaus Cappadox 181, 6 Armenes 11, 3
Archimedes 61, 301 Armenia 91, 14 111, 16 133, 'l 51
Α1115511111319,8 9 135,’7 51 13 136,5 168,5
Α11155511551319, 13 116, 18 181,6 189,6 10813 ,

Ancharianus 15511 11111511 11511 aaa l
l

 

