705

Mamertini 38, 5

Mamertium oppidum 91, 8

1111111000 221, 13 0123

1111110500 6, 30 25,16 16, 11

1111011553, 21

- 01111001010101111000100523, 16

Maugana 511, 31

Manichaei 359, 210126 3601011
0110 520, 23 5000 005,11

111110558, 10

11111100 Capitolinus 18, 9

L. Manlius Vulso 10,Ιο 11,1 15, 23

T. Manlius Torquatus 19,10. 51,20
60, 23 01,2

M. Manlius 80,5 81,13

Manlius tempora Sertorii 108, 2 1060
126,3

Α. Manlius 18, 5

L. Manlius Censorinus 80, 1

Cn. Manlius 13, 18 0122

T. Manlius 60, 20

Manlius Torquatus 22, 2 011 019

L. Manlius Torquatus 20, 25 0128

1111001· 530, 20 511,16

11101001 161, 23 0126 0120

110110101530, 22

Μο100111581,1

Marcelliani 533, 21

Marcellinus 155, 20 253, 20 251, 2

castrum Marcellorum 518, 30

Marcianopolis 301, 26 305,6 10821

Marcianus 322, 21 330, 00110 336,
10116 0111 331, 22 330, 21
310, 10110 382,0

111101011010118, 21

110101001122

⁴ Ancus Marcius 1, 10 8,1

0111010100 13,2 21,1

Marcius Philippus 15, 1

Q. Marcius 100, 28

11. Marcius Phiiippus 11121

Q. Marcius Rex 100, 28

Μο10010111111,0 229, 18 33121

INDEX aomina

Marcomannicum 100012111οῒ
110000110111206, 11
Marcomonaa 110, 16

Marcus 211,8

110111011101ῖ1,25 1801111
181, 101 11 et 15 «18211111

Mardasan512, 11

Mardonius 258, 25

Mam 260, 20 210,1

Mathuam cf. Mahrnarn 181, ll 11·
25012801290131511111
100111 5001000110

Maria 318, ts 331115 5113111
12 520, 21 casseratas
561, 21 stas 55011

Marianae copiae 115, 9

-partes 121, rs

0001011000 11011 111.

0001100501, 11 aaut

1101111213

Marinianus 193, 15

Marinus 5¹0,ss

0111100100, raet ir rut·
10 10150111 roa, 1101
ros, taetro 11010001

012100. 1112011110
13 01 20 et 31 sq. 115, 10 11
1201110120 0121 lima
110, 1001130121 120111
010000. 121, 2101261281
26 123, 11
11110100123, 9 01 13 129, 611
130,21 0123 0126 305, 16
Mariua tyrannm 230, 1
11101100111112,11 115,11
Mars 4, 11 51, aa asar 10
Marsi 112, 1 01 11 113, ll att
110131 11110 115,11
Martina Angusta 428, 60011
155, 10 rauscerat 001,
50111
Martinianus 218, 2 ct 16
Martinus 280,5 201,11 381

 

