’102 mum 5011111111

1101111611 465, 8 619 467, 36 11112111 129, 1 2505
11111615 281, 4 61 11 Illyricum 76, 23 ’1136181111
110110165366, 12 154, 19 168,4 173, 31 1111
1111111111 511, 16 221120 231,6 235,11 136111
11011111 18111 285,5 189,11 2066 23 24018 211,10152,11511
306, 21 307,18 311118 322,23 1112825511 3073731113,Ἐῖ
313,12 31617 327,1610.331,3 18 345, 26 391, 32 5731
335, 2 315, 15 61 16 61 18 61 19 1111116115 12810 262,3 2911131
51135115 351,11355,5351,11 19910 31119
36114 6116 61 13 376,11 380,2 Illyrii 50,11 61 12 61136115 12!
affl 38116 437,2 77, 29 78,19
1101111305310,25 350,9 351,3 Illyrium 352, 27
Hydaspes 8111 115, 23 1111111111 campi 130,6
1111111115 276, 23 ludamus 359, 24 ,
1115111510 313, 15 ludi 111, 1ο et 15 151, 11 511
llypogothi 310, 10 61 12 376, 28 61 31 378, 19 383,Ῑὸ 61,
Hyrcanieus 331, 11 11115 11, 1 1015156113 131131.
Indicus 391, 11 10115 11111
Induciomarus 116, 30 um
Iacobitae 151, 5 et 11 6131 5515 1111555, ι
1111111115 462, 30 363, 2 6111 61 11 Ingenuus 229, 21
Ianiculum 7, 23 Insubres 52, 21 71,6
1511101109,1 Interamna 228, 2
11111151,1 50,4 172,14 173, 24 1011111115 25, 15
11130 1153 111115 11515 15111115 51, 21
1111135350, 6 1011115015 1111115013
Iberes 116, 13 Iohannes Iudaeus 101, 20 .
1611111531, 31 -aplaces 611, 3
11611115 190, 23 -apostolus 203,3 20113
1501106155116 606, 19 - armenius 366,19 61236111
1610111010111 61101460, 0 1 013
16505111151115118,11119,1181,16 -311111511119,25 5111
611350. 18211 16126113 185, - 0116115151, 29 sq. ,1511
1511311 155, 31 1015115110 -chrysoroas Damnem 511
317, 13 32133 3611196126 415, 541, 15
26 516, 21 611, 31 -· 6011168581,19
7511511 151, 11 ·- episcopus 313, 19
Ignis templum 131, 19 6121 - episcop. Constantinopolit
lldebaldus 371, 3 - (1111 423, 32
Ildicco 336, 2 -· Logotheta 381, 15
Ilia 1, 5 611 - Mamur 522, 2 616
Ilias 188, 21
11161565 118, 30

 

