ι’555 55555 5555 sq. 544,4a 55 555555 55 55 55555555
¹’4 55 55 55 sq. 544, 44 543, 5 55 55 55 et 55 55, 55 55 55 5555 55,
'ia 55555 55 555555 544,4 554, . 555555 44 55555551 5555
’455555 555, 55 55555555 55 5555 5555555555 55 5555
'¹4 555, 55 555, 55 555, 55 555555 55,5 55,5 555555
2llnlallas illisi 51555 555, 55 55 5555 555 55555 555, 55
1’51515555155555 555, 4 555, 4 '
1561165515 555, 55 Hanno 55, 55 55, 55 55, 55 eae
·ι561155555 5555 5555 555 555 555 55, 55
15655555, 55 1555555555 55, 5 44, 55 45, 5 55,
.ι(15515515555555,5 13 09, 26 60, 21 aq. 653510
5555555555 555, 5ο 55555 444, 55 15 sq. 55, 55 54, 44 555555.
155 555, 55 5555 55555 555, 55555555 55 55 55 55, 55 sq.
,55 555, 55 555, 55 55 55 55555555 51,55 5155 555
adrianus 555, 5 55555 555, 55 55, 55

, 555, 55 555, 55 55 55 555, 55 5155555 5555 555, 15 555, 55 515,
555, 55 5 555, 5 5555

{adrianus papa 555, 55 5555 5555 flabra 55, 5

lelius Hadrianus 209, 11 Hebraea lingnula, 20

555555 5555555555 699

Haemus 134,6 ⁸ Hebraei 2,0 3, 0 5123 6, 20 1,
11515516555515 20 201,9 380, 29 424, 23 403,
Η6111111511300, 13 22 407,9 016,115112 et 18
Halani 317, 27 320, 28 321, 26 et 023, 23 043,9 00912 560,8
55 55555 55515 55555 Hebraea 555, 45
1151155469,45115151559,51551, Helena 249,8 201,1 204,6 260,
29 038, 24 039,1 041, 22 042, 13

29 et 31 001, 36 Heliae 49512 496, 21 laiseis
almar 460,14 165651125156 -65511555155494,11 49545120
5121 463, 1 et 23 eq. 464, 23 Η5115519,3

Hamilcar 40, 21 el 24 41,8 43,22 Helieia 410,4

45, 55 555 55, 55 55, 55 55,5 Helio 5555
Hamuelim 036,1 5120 041, 20 et Heliodorus 10, 11

27 042,1 Heliopolis 474, 15 0300 044,16
Hannibal 36, 24 39, 4 516 51 13 et HeliopolitaeDamaeeeni535, 16
1651115124 40,16 40, 26 53, Heliseus eunuchus 061, 26

12 et 22 51 26 04,1 514511251 Heliseus propheta 341, 0

21 sqq. 0065115121 05151 1151256155εο15215123

eet 13 5122 5120 5126 012951 Hellas 209, 32 486,0 036,13 042,
3107,οθ16511051115116 19

6325116 0516 5124555. 651 Hellespontus 250,ss 216, 22
6195111 et 13 51105116512151 Helpidius 423, 28 420, 19 et 20 et
aletae 65651195121513255. 30 426,2 561,1 etl 548‚l
62,17 63, 145127 6476117 eta

 

