INDEX sommi

295, 14 299199114 291, 19 249,
11 2591918 9111 29915 2994
28923 289, 1 914 292, 18 9121
399, 29 99929 919499. 913,
22 919591189121 9191991
149119 3199 91922 329,
299192 9294 39929 99919
9499 342, 22 9491 9498
949, 25, 94913
0911190199111111959, 24 1298
Gallicus sepo 412, 18

Gallienus 228, 19 9122 91 24 229,
199118 299, 18 91 29 291,9
24911

Gallonius Basilius 291, 4
Gallograeci 14, 19 9129
Gallograecis 14, 14 19914
0911119 910911959, 18 9121
0911191524, 18 52918

Gnngrse 355, 19 9115

Guunuoum 4499

0919991199 529, 19

(191191192919

09119 499, 31

0999191991

Gaurus 29, 19

Gaze 459, 29 4992

0919999999 494, 15 9122

09999919 494, 9

091911 411, 24

L. Geganius 111,9

Τ. Geganius 19, 19

09111191 294, 29 399, 25 999, 8 91
2091219129 91929199112
9119 91 1991 99 389199118
ufflumu

Gellius 131, 249125

emmmmmu

Gennadius 949, 94

Genserichus 921, 22 922, 19 9111
uuuwsmuum
999, 29 sq. 991, 28 998, 2 911
91189120 339,1991119119

W

34913 949, 28 349, 25 9599
951,8 9991 9991
Gentius 19, 24 11, 8 si 12 1919
L. Genucius 19, 22
0. Genucius 0199919999, 15 394
091199 499, 29 409, 9 918 sq.
Georgius 989, 24
Georgius Pisides 429, 8
Georgius turmarches Armeniorum
mumma
Georgius Syrus 1191119199 495, 1
-- Burumphus 499, 22
- Alexandrinus 454, 24
09111999 91 09111999 329, 11 9129
33919 34911 34921 91921
9125 31918 414, 23
Germanicus 13910 13921 149,
9911291119118 14919 149,
29 14921 148, 33 11949119
1894 183,Ιο 21918 9122 218,
31 225,5 228, 22 22928294,
8 329, 28 939, 23 42922 sq.
0911119919 149, 13 143, 90 144, 3
113, 29 114, 1914 199, 19 202,
15 20910 21912 28918
091991199499, 14
Germaniciani exercitus 191, 12
Germanicus 1899 9123 1891 189,
9 18921
091991999991199111119 991, 1
- socer Theodosii 991, 1 3995
91239121 4193919919999.
419191119129 421, 19 9122
9125 4291891219131
- 991191199119119 5919119129 591,

99Αω9ω199’

19ω9999ῃω
uumuwm
ommmuuu

0919 222, 8 91 19

09199 284, 29
Gethsemsn'u 489, 15
Gildo 998, 24 91 21

 

