714 7277111Χ HOMINVM

0161111223, 1 2131111535, 16
0111111111 296, 16 Prdmyrstensis oremus 552, 5
Osismi 142, 13 Pamphilus 4227
ostiensis 1111111 1111 111511611111 11111 1111
Ostiensis ports 374, 19 Panerotius 519, 1
Ostrogothi 28219 342, 27 3421 Panegyris 4622
342141125 346, 25 3421911 Pannonis 1624 1826 21225 216
23, 356, 16 18 226, 20 2223 223, 16 et 27
20111111111136, 11 24223 247, 23 254, 25 274, 23
otho 13221111 28223 28212 326, 24 322, 26
011116111111228, 12 331, 4 3324 335, 24 3422 347,
Ouidius Naso 111, 18 111, 11 11 11111115, 15 111, 1 11111
(1011111161111. Pannonii 11111 115,1 11211
1111
Ρ11111111111144,26
2111111111 111, 11 11111 111, 111 11
Pacorus 165, 27 Ρ11111111111262, 18 29216
Pacuuius 92, 22 1423 Pspstzinttto, 191114
Padus 522 3325 Paphlagonis 117, 22 13223 1327
Ρ1ς111111111111111151,11 111, 111, 11 51111 ’
231126 2621 et 14 262611 13 Papias 565, 29
11111111111155,11111115 1151111111,1111115,5111 ss.
1123 2621211127 2625 2724 27 34218 1
111511111111111111111 61111111111111115, 15 111, 11 ’
32224 54218 5426 1121312216112611211122
Palaemon 2127 1123 12226 1221 eto
Polssophorsslus 157, 4 L. Papirius Cursor 23, 21
2111111111152,2 1721 1726 Ρ111111111111111111113,11
111, 11 11111 11111 11111 1111115111 111, 11
257, 21 2827 36226 31212 2111116111111163, 111115
15111 111, 11 1111 1111 1111111111
452, 23 456, 27 4524117 466, Ρ1111111111111263,16261,5113 26211
4 46231111 464,2 466, 11 Parthenopolis 131, 12
48213 5328 542, 31126 557, Parthi 87, 24 35, 25 322 151, 23
24 59227 66223 66224 152711111125 16225 1621
Palaestini 111, 11 151, 15 1511511 11 115, 11 sq.
Ρ11111111111611 136, 24 1826 1826 13226 26214 21216
Palatina officia 212, 7 22281126 222, 27 225, 22 2226
Palatinus mons 4, 23 1123 23214 2526 271, 15 23219
Palatium 346, 22 49216 Parthis 1328 1524
Palinurus 426 Ῥ11111111111161111111216, 32 26219
Pallantis 126, 12 - rognum 136, 9
211111 186, 26 Parthicus triumphus 215, 24 276, 25

 

