lilonx homulus

Capraria 309,1

Caprea 6, 15 .

Capsa 101, 18

0111139 61, 131115 63,1.18,
11 111,11 131,10 155,1 338,16

Capaanea urbis episeopus 356, 11

Caracalla 111, 11 11111115 113, 11

011111111136, 151115 191, lo

01111111518,111131 aeusi 581,1

conuenisse, 11

1111111301, 10

Caria 51, 11

0111111131,11 135, 13 136,5

Carisius 113, 151118

0111111193, 18

Carmentis Nicostrata 1, 1

Carnuntum 111, 10

Carnutes 130,6

Carolus uid. Karolus

1111111393

Caspiana 111, 31

0111163119

0111111510 1110 111,11 138,11
111,1 511,1

Carrinas 111, 19 111,9 113,191111

Carta 511,1

Carteruoa 193, 11

Carthaginiense litus 91, 15

Carthaginenses 31, 11 et 16 36,16
3115 3113 10,1111111116
11,1116111011,1111113,
1111 lais 1111 15,111,
11 11 13 et 161111 11111111
50,6 53131130 51,11 59, 31
6116 61,1Ι sustossoria,
511911111119 61111511
151119 113118 8191111
11181111 81,13 36118

Carthaginiensis ager 98, 1

Carthago 13, 19 111113 13,16
1110 11185111 uas 61,
13 68,13 69,10 80,6 81,13
1111 81,111511151130 83,

685

101111 93,1 9131110111,
16 18115 316,13 31116 311,
1111119 338, 19 311,15 361,
10 365,16111911111116 366,
61119 361, 18 368,1 369,19
31110 116,101113 18111

Carthalo 65,1

Carus 131, 11 135, 11 et 11 136,5

canae aas, 12

Casperius 105, 11

Caspiae 1111113519 111,11 513,5
53116 516, 10 51611

011111131116

cassiotae 511, 19

C. Cassius Longinus 16, 16 100,1

C. Cassius pro consule 131, 1

L. Cassius a Tigurinis oooisus 105,
1111.

L. Cassius Parmensis 151, 11 160,11
161,11 163,1311151118 161,
16111111 1811191111 165,11
111,11 irai nass

Sp. Cassius 11, 11

Cassius tyrannus 118, 11

Publius Cassius 15113

Cassohellaunus 115, 111111

01111111311, 18 sq. 318,51111 319,
15

assotians

assumsistis

Castus 391, 19 1131 395,911 15
396,9

Catalauni campi 131, 10

Catalauuioi campi 331, 16

Coteohumsnia 518,3

Catilina 131,3 138, 11 sq. 139,1

Catina 100,1

011111111138, 13 llius

0111111361, lh 1111

0111111111111166,15 116, 11 501,
3 6118,11111111111130

0111119113

011111111111111111,6 90,3

 

 

