726

Theodotus 31025 11211129 311,2

Theodicodus 350, 10 3039 119 11
13 sq.

Theodora 231,1 2135 31310190,
211111121115 192, 10

Theodericus 3321 3339 1111 339,
aa ula. aa 015, ro et ar 11116

mnu nomm

11181126 361,11113315,11
11 16 368, 211131 alaeam
311, 25 313, 18 315,6 3131111
211129 319, 311511201115
1121 326, 25 321,1 3252211
251130 321,121122 amaa
21329,1 336,91119331,211121

et 111123 311,2110111811 -11116110116661103,0115.1111.1

30 311,111111911101121
1126 3111,511111131111 3511,
61111 351, 23 352, 21 351, 26
353, 21 350,21101110111111
19 sq.

Theodorus 210, 31 329, 0 355, 111
351, 22 39013 101,19 119,11
123, 21 125,191121 120,1 112
11 16 laha 11 12 152, 18 151, 25
155, 21 1561 11101 10 16316
16611 1132 lua, 16 111311

· 511, aa 5015151111 515,ιο aas
51011

·- 6660061665520, 23 510, 23

- Begarius 159, 15 sq. -

— Bizarii lilius 510, 16

- Cumuliauus 510, 21

- Coloniae 112, 11

- Egumouus Sturlii 501. 1 061, 23
aas, 210120

- llierosolyruitauus 510, 23

- Η1616661303, 26

- 616161110511, 15

- hlausor 523, 20

- 3660011011, 21

- sacellarius 100, 10 11 20

- Sparatius 353, 13

Theodosium 151, :ro

Theodosiopolis Ι110, 15 512, 15

Theodosius 219, 1 sq. 232, 21 233,
10 sq. 230, 13 0121 11231123
291,3110 11 11 0122 11212923
21131 1120 291,611191121
1121 2115,1011251131 halal
1125 301, 5 11161123 303,ss

11511 21 119, 4 120, 30 12319
1132 169, 21) ram 50111011
562511 9 11 11 561, 11 alah
1132 506,1 525,11 510, 161111

S. Theodosius 593, 32

Theodosius patricius 5951150022
11201128 001,6

Theodoto 530, 21 11 21 501, la

laudatoriam ism 1111
515, 11

Theodulur 218. 31

Theoguostus 519, 0

Theomines 151, 23

Theopomptus 123, 22

Theophanes 123, 1 521, 30 50521
1136 515,2

Τ6106606111301, 12

Theophane 5933 00111

Τ610061661002, 25

Theophilus 190, 20 501. 1 510, 20
5563

Theophylactus 192, 11 19311 510.
11· 5565119 591, 11 661. 21
665,2

- Edesseuus 535, 1

Theophylactus Raugabe 500. 20

Theopompus 220, 0

Thera 101, 3 511, 21 515, 2

Therasia 101, 3 511, 21 511, 2

Theriouyruus 521, 21

Thermantia 293, 20 319, 18

Tlrerruopylae 12. lli 83, 15

Thessali 312. 2

Thessalia 20, 15 156, ll 157, ll
151, 21 311, :lo soal

 

