mnus Nomius

15 390,ss 392³ 432,30 435, 31
431,21 460, 16 520,10 546, 20
551, 23

, Armeniaci 530, 25 543, 24 558,11

564,3 566, 1 66 24 599,11
1111161811 46116
Ρ61116 Armeniae 431, 10
Armeniam 2532 306, 22 355,10
414, 11 431, 22 466, 23 481,14
6124 482, 2 61 25 485,31 489,
10 61166119
Armenii 111, 1111 11 et 11 161, 11
446,3 46614 498, 16 seq. 508,
186123 5116116111 520,12
524,2 531,1 540,16 542,15
543,3
Armenius 111, 11 111, 11 111, 11
564,1
111116116111241, 1
Δ1111611111111231,4 243, 22
Α1111111111153, 11
Α11111111152,6 54, 23 124,1
Amoueamus
Armoricisni 131, 11
Arpi 55, 11
Arpinum 104, 23
1111611111 112,1
1116616511
Anisus haeresis 156, 11 6121
- impietas 323, 15
- malignitas 329, 18
- perfidia 111, 11 111, 11
- pestis 111, 11 11111, 1
Arriam 161, 5 61 13 seq. 3112
1111
Arrianus 114, 11 2841 614 268,
13666. 351, 24 352,106113
Arrianus Auxentius 219, 21
1111111111, 196111 369,15 310,18
6111511593, 11
1111116181, 25
Arsanus 266,2
11151111111

619

116111411501, 19 519, 11 52119
6123 521, 12 6130 528,261561
116120 529,10 530, 24 6121
531,2615 532, 21 5333614
666617611528 5341611966
11 1111 5111, 11

Artauasdus Curopslntus 525, 29

,416111113111

Artemius 499, 20 6121 6129 500,
13 6121 6129 501,186132 502,
26116196123 5199611961
Ι13 515, 14 61 24 6126

Δ1111611166545,22

Artorius 164, 11

Arudes110,15

1111111111 111, 111111

Α11111616 5524

Aruriiensss 531, 22

Arusini campi 15, 14

1111161616 392, 21

1111111116 133, 14

’ 1111111 111, 11

111611 564, 11

Asas Amirns 180, 16 seq.

Ascanius 2, 11 6128

Ascelins 38111

Asclepiodorus 231, 14

Asclepius 250, 23 369, 21

1111111111, 11 111, 11 111, 11

Asis 611 11,6 13, 18 6126 14
1616 16, 20 18,21 84,1 92,
216129 94,19 95,8 116,14
111, 146125 118,156121 128, 25
111, 11111 1111 111, 11 111,
24 111,5 208,8 210,11 213,21
111, 11 111, 1 111, 11 111, 16
111, 11 1111 111, 11 111, 11
42924 56556119 51619 511,
28 523, 31 52156113 536, 28
55315 5664 568,11 596, 28

61111611115

Aspar 111111 111, 11 et 11 seq.
341,166111

 

