monn uosusvn

Photinus 3995

Phrahstes 95, 21

2155151921 21911 11225 5991
60912

Phryges 92 211, 11

Physae 130, 11

Piceni 209, 19 2829

Picentes 35, 29 sq. 1121 9111 113,9
111, 5 9126

Picenum 291

-1195195525 5915 699

Picti 311, 20 321, 29 3291 33929

Pictones 11921 9130

Picus l, 12

Pilatus 191, 11 191, 12

Pinetum 349, 1

Pinus 3121

25511511

Pipinus 531, 169130 532, 3 91 12

Piraeus 1199

Piraticum bellom 139, 1

Piscinula 312, 9

Pisidas 126, 9

Pisidia 1995 501,11

Pitane 2099

Pithana 129, 21

Pitzigaudin 115, 5,

Pius 213, 21

Placentiaii‚9 191, 11 23211 31921

Placida 293, 1

Ρ155161511555515313, 11 3199 319,6
321, 9 322 10 55. 311, 31

Plaoilia 293, 3

11515 3129

1915ωυὶ55522 19

Plato 19, 22 211, 1 591, 2 691, 23

- Saecudionis abbas 581, 13

Platonici 226. 5

Α. Plautius 196, 1 91 16

C. Plautius 95, 9

M. Plautius Hypsaeus 96, 29

Pliades 262, 1

Plinius Secundus 201, 29

1101195209, 22 263, 12

Plotinus 2295

Plotius 111,9

Plutarchus 1991 21911
2569595555 551, 3 9123 556, 11
Poeni 39, 1919911691119123
9121 39. 1 10, 991 13 9126
129 1999122 11, 11 193

. 9112 16, 391 19 9126 11,12

1911 525 5919 61,5 66,
8911161,11911191169119
11,9 91, 15

Polemo 1999

Pollentia 312, 6

Polybius 11, 19 83, 20 19921

Polycletus 211, 13

Suessa Pometia 9, 9

Pompedius 115, 15

Pompeia 15911 26912

Pompeiana classis 151, 13

Pompeiani 15111 151,3 165, 2055.

Pompeianus miles 119, 25

Ρ551591123, 19

Pompeiopolis 315, 30

1955915599, 15 9910

OnPompoiusmagnus 101,1 111,10
113, 9 111, 5 9113 9131 115, 11
91119123 11919 1293915
121, 20 121,1915911911091
11 1299 126, 9 91 10 sqq. 121,
2555. 916 129 11 13919110
et 24 131, 11516555. 159, io
1391 11210 151, 29 1522918
153, 9 9112 91219121 151, 25
1599 91 15 91 16 91 1191239129
159191291691129113 9123
9125 1522 915 519 91 129122
15999129 sostenes 1691
21 sqq. 169155. 16215 1691

Sext. Pompeius 1696 162, 15 165,
19111911695. 1699911191
1591169119 161,19139132
1691 1121 2991 35913

 

