696 11111111 nomm

Fuluius Flaccus 1113 51, 29 Galenus 2111111111
11111111111’1111111111’111611169,6 Galeria Ε111111111215,15.
0111111111111111111175, 19 Galerius 237, 3116115 mi
Fuluius Flaccus 98, 20 91116111 210, 16 111811. 211ῗ13
(11.1·’1111111116191111 6133 63, 212,9 21116119 21121111
11 61, 21 Galerius Maximianus 21111 ·
6.1“111111111112,9112311111. Galilaei 265,S 26119 211111.
11111111111'1acc11 66, 28 32 270, 25
L. Fuluius 119 Galla 282, 26 et 21 2612
Q. Fuluius 315 Galla-Placidi· 316, 201136 lii
Seruius Fuluius Nobilior 12, 23 Gallaeci 86, 29
Ι·“111111111276,1 Gallaecia 90,7 17116 1711
L. Furlidiua 122, 21 Galli 1⁹, 29 18, 211 111.’
·Furiua consul 71, 11 20, 21 ut 26 2111 sqq-512
1“1111111111111111111111,611112 26, 5 et 6 et 12 211511
c. Furius Placidus 41, 11 111 11, aa 11, 16111111
Furius l'umillus 115 11129 52, 15 et 16 et 11111
1·“11111111“1111111111811111011111111118126 et 21 et 27 51, 11 et 1511
1111111111, 15 59, 20 65, 18 112111. 111
11111111111612 100, 15 et 21 et 21 et 29 11¹4!
11111 mamae 1111111
11 1:11,11 1:12,a uaau
G11111451, 11 460, 11 1811111 11 1111 146, 120111 1. 11
Gabii 116 5119 118, uetuetlaetuli
(11611111111158,1 61110 et 19 150,5 1512111
Gabinius 1315 114, 23 190, 18 22125 2111
C. Gabinius 115, 13 2113 257, ‘latua 251561
6111116321, 11 - et 21 25125 261192311.
(1111111111 111116 1111, 24 111, 11 3161
(11111113613111. Balgici Galli 11, 14
Gaaaali 56, 26 Cisalpini Galli 16, 25
(111111111116 18116 Senonas Galli 17, 17
Gaetulicus 190, 36 Gallia atGalliaa 21, 1117 36,9 aa?
(16130251, 1 55116 65, 17 160, 8 104, 1611
6111111111111611161111111 11115 11114 1111151111
(1111111013 23 1161611128 111, 16 112
(111111511219123 511, 26 113, 28 14⁴‚4e15et15 141,
1111111111, 15 11111 111, 11 aaa, 146,31 141, auetaoeffl 144
10 11a2 41154118 111, 11 aaa 111111 1111 isai 14¹
115, 10 111, 11 11111 11111 164, 24 111, 11 ¹82⁷ 20,,
11111 11111 191111 11111 1111 11111 11113 224,
Galba 126, 10 141, 11 4115 1aa, 11111111111111111511
16 sq. 19136 19111 11911152312023181114ρ1

 

