696 mnu raom

6111611111. md 251,11 1111111.

(111111111196,1111119 1113 567, 29

(1110122115 (hocin 29, 15 31, 11 31.’.1·Ι

Gizid 111. 23 1116 5125 516, 16 et 16 616 11111111
laqq. 5216 539, 23 53116 11 64,3 1116 naar:
531, 13 531, 26 153, 25 155,9 161211·-
-311111111151116111 161, 31 16115 111111..

(1116111111121111 111,5 192,11 229, 26 331551· ·
Glaucus 6, 21 553, 16 5611

(11011112113666 Graeculus 211, 10
(11)·12111111316, 6 (11221211 361, 10

Goaaricns 2¹³4, 25 (innius cf. serenius (1111211131

6011111611 Grata 282, 26

Gemarius 211. 16 Gratianus 215, 22 21116112

Gautirariua 321, 21 322,13 261,12 261311201113111

Goraa aa, 11 aeae aaaaa 1111111211,
6111113112. 111 116. 31 1116 1128 2911 eranam!
Gordianus 225, 12 et 13 et 18 226, 291, 16 296, 25 311, 15
. 3 231‚1 Gratidius 11129
Gergouia 21119 Gregoras 1219 ⁴2⁵, ιι aaa
(1111111221, 12 22121 22121 231 Gregorius 3514116 4111111
a 1311 aaa. 13 11121 aaa, aaa, ιο 51111 12111111
16 et 16 et 20 at 22 et 25 2816 1126 529,1ο 53121111
et 22 2666111 21 2612111122 561.3 566, 23 5613
1126 211112 et 15 26110 290, -011111111110110111111111111111161
1 291511 161121 36118 361, -oeconomus 59²,ss
26 311126 3111112111 13111 -0nomagu1us 51110
21 et 21 311111911191128 -patricius Musulgcfi 55111
312111 11161126 31523 311, (1110111116 1116
1 319,23 326, 11 et 16 et 24 (1116111116. 23
araret 12 31111121 aar, 1111103121
29 et 29 332,1 116 331911 Gundabundas 1519 et 13 4511
1611201123 31126 311161 511111
5315, 1611126 319, 6 eta 359, (1616166112150, 22
11 aeae aeas 11111 a aa sq. aunaiaarus aaa, ia ea ις
3118111111191130 312, 26 Gundicarius 3211 332,19
311, 21 3111 (1116161611319,11
Gothicus 281, 6 et 26 Gundebatua 318, 23
Gothograeci 501, 22 et 30 Gymnosophistae 192, 16
Graeca mulier 50, 19
Graecae litterae 216, 13
Graeci 111 aa, aa 111, 11 181 Habes 1111 53151 ῃ

26 1911211122 wamiam Η20111111111111,19 46115 462,

 

