mnnx uomvu

zamanardus 375, 11 2911111696, 1
Zandapa 394, 15 291199 361, 14
Zardapa 34, 31 Zeuxippus 499, 11
Ζ1111111 36119111. 361113 1116111161,11 9119
Ζ91191119494, 11 111111111111111111131 441,1
Ζ911911911 351, 119111 91 19 9113 Ζ1111111911119 380, 31
2911111565, 4 Ζ1119111111495, 16 91 16
Zeno 343,11 91 16 9111 91 13 346, Zongoi 411, 5

19 11111111 111111 3111 1111111111

et 11 1111191111 191, 15 1111
Ζ91191119131,119131 343,119116 503, 11

Index capit ulorum Gruteri 911.

39111111 apud 1. Guttantag 1611191111 91 Vahlen.)

Lipsiae typis J. B 1111111191ᾱί.

 

