130

1611116,16161661,1 219,13
Vestalis 223, 21

Vestilisnus 219, 16

1661161112,11 113,23 115,11

1666111116 23, 11 131, 12 209, 29

Vendidisse

vetranio 251, 21 255,12611161
11 25165

Ιι.1611166139,1

Τ. 1611161 112, 1

Veturia 13,1

1666661666

Τ. Veturius 21,6

16166 203, 26

vhsiid 191,8 192,20 19615 199,31
500, 11

1166116 335, 1

victophali 206, 12

1166116666230, 6
1161661316,16156116110

Vienna 309, 29 315,16

111166631615

Villirisnus 316, 11

Viminacium 23169 113, 32 111,1
viminalis 11666616

Vindalium 99, 29

Vindelici 115,1

Vinius 190, 23

1166166 mons 112, 26

1161111111 313,9

Vindonianus 52, 22

Virginis 16 ,2

6.1661616111,1111,1116,1

Viriatus 65, 1 6196111611. 81,1
6156166111121,16111

1111611666 311, 21

Vinium 221, 25

visigothae 11611 111, 11 sss, 1
616

visigothi 281, 11 316,9 350,11 35165
Vitnlisnus 353, 26 3519 61 16 6121
355,1e11 393, 21

1116111161 116661 191, 15

ninsx HOMINVM

Vitellius 191, 11 61 216125 6131
192,15 191,1

vithegis 111, 1 61 11 111,1

1161116319, 30

vitus 111, 11

leisnns 221, 13

leius Crinitus Traianus 205, 26

11111666222,11

1166111611 1616111 111,1

1610116263

Vologeses 191, 26 215,16

16166166 12,, 29 13,3 15,2 16, 20
161 161, 11

1616666161

Volusenus 112, 3

Volusianus 221, 26

1116 29, 21

1666116166 131, 6

Vsipetes 111, 1

1111661193, 32
11166111, 11 661 16116116 11611

111,1 111,1 11611
Vticense litus 91, 15
Vulcanus 15, 11 359,16
1618111311, 22 319, 22
1613613165
Vulsinienses 31,1
anma 121, 6 sq.

Xanthippus 12, 6 611 61 11
xenodochis 266, 21

Xerolophi columns 525, 11
Xerxes 12, 21 221, 10 316, 6

thii csmpi 135, 19

Zaba 101, 15 111, 11 11611 6111
et 15 6111 et 11 111, 11

Ζ6566 315, 19
2661616111, 11 11611 111, ns

— Hierosolymitsnus 152, 11 153, 20

 

