’100 mnus somissis

111111111130, 19 110,1 3111161111111111111121211
1111111 101, 23 Herdonius 11, 23
Heluius 1111, 26 Herennius 21. 10 1122
- Pertinax 219, 22 Hen'a 512, 10
Hemesa 11. Emesa 100, 20 et 26 et Hermechioui 382. 11
21 1012 Η1111111111111350,10
1111111191. 11 Hermuchan 156, 21
11111111111111190,9 Herodes 166,6 320. 21
111111111 2111. 21 610, 21 Herodes Atheniensis 2111
Heraclia 29, 20 233, 20 321, 20 Herodianus 111. 31
351. 111121· 355,2 101. 19 Heruli 229,2 33122 3111
1111111111111315, 25 Hesperia 321, 23 1133 19
11111111111161, 21 sq. 521, 31
1111111111 Hexapolis 111. 11 1111
11111111113119,23 3910 et 19 396, 1111111111, 20
1211211111 30122 120. 21 fflsmanites 5311111.
1215119 123911. 126511 1111101121,10
1211 11111111111211211 1110111115 111, 15 1111·
20 -121,3111311151122ε125 29 115,2 416, 21
11 20 11 21 11 21 et 311132 129, Hiberia 136,1 sq. 1111111111
5119111101221121112611 30 518,17
211131 sq. 129,1111191122 111011111111538, 10
1121 131, 11 132, 32 131111 Hibinubera 538, 12
61113 131611 13 0126 135, Hiempsal 101, 19
111115111511231132 136, Hierapolis 101, 29 121, 31 1111
1911. 13111126 138,19 sq. 1511
111126 imni 111. 13 11916 1111111152, 30 541, 1
15211111 1513111111155, Hierius Asinius 112, 1
11151111 15111 1515159, 111111111111111161, 11
111511111101131 16012 11111139,61111111)ριι511,
111111231129 161,0 1626 Hieroboam 3, 21
1121111 11111111 11 et 1111115111 585. 31
101121 101,111131116 169, Hieronymus 239‚7
1 112, 21 11914 mut 488‚2³ Hieronymus 311, 12
1911221120 191,22 52911 55313 Hierosolyma 9,1 25,15 12191
Η111111111011111111111590, 11 23 101, 20 125,13 13111
Ἠ11111ο1111155, 19 163, 31 1611 1113 166,6 179,6 181,

1111151116 1113 1611 19321 191611

Η1111111111123,11 19631116 19929 21031 211

Hercules 86, 25 25¹‚2 325, 26 338,16 369
Ηο111111111236, 12 mmet? ²³8, 115,10 452,12 152, 20 45³
1 2391101 1911 “ ⁴* 10 212, 11119 156,ἳὸ 460125 5219 531
1 et 19 “ 559, 11 sq.

 

