631 . nonni nomini

Bassianus 2216 01 100111 223, 01112 316, 21 1101220130
111123 30115 3616

3011111221, 13 23115 310, 21 3105111101111110 1013

Basternae 113 2311 310130131113 .

3001015613 Bithynis ’111 1121 13, 22 01,

Batai 521, 20 0125 23 111111123 12120 12110

3111105100 11100120 132, 21 1615 21113 2515

3051111111 116, 20 21111 21132 2115 5112

300110111111 51113 511111 53111 53111

3111111116, 1 Bithyniensos 510, 1

Belgae 110, 20 Bituitus 100, 311 10 et 13 11 21

Belgica 111, 11 Biturigas 1111

Belgide 12121 311111133110 30120 33123

Bellouaci 113, 10 1011 1112 16116 131, 11

Bellousgui 11130 01160121 136, 21 50123 515,

3131011501, 11 12 sq. 5516 61115

Bensousieons231, 10 3115132111 3313116

Benedictus 31111 31111125 30131 30111110101150, 10

Beneuentum 30, 3 3011111360, 3

Beniamin 153, 12 300111361, 15

Berenice 13121 13116 Bocchus 10121 1013016 12111

311011113311 31115 · Bodomeiius 2613

Beroe 60111 Boeotii 83, 11 331, 11

3111101513, 13 5613 Boetius 3513

Berytus 251, 20 Bogudes 121, 11

3111101111, 25 30101111513, 3

nemun eoo, ³ 11111111 ion 11 1111 iios

3111151130 5116 521, 10 Boilss 553, 22 5012

Bessi 1315111 Boiorix 103, 11

31111100, 16 · Bonisgii portus 512, 2

Bethleem 0316 311, 12 Boniisoius 31123 3111 3111

Betrittcum 131, 16 321, 3 015 01 10 01 11 01 11310.
Biberius Ouidius Mero 180, 15 322, 8 01 10 01 11 01 12 01 15 et

Bibulus 13130111 1510 1516 10 3610
311111151111 301011123111 331, 25
3111111012, 1 3010111101Βο, 16
Bilissrius 3615 ets 361, 3 et 11 Bonosus 231, 13 12110 1311
11211125 361121116 3010 3111111113, 30
0111012311210130 301301 Bosporani 115, 16 20116
16 11 1311 13 11161120 36110 3010011111111101, 5

0111011601180113 3111101 Bosporus 11116 136,10 1318 ;

260128 3112 011601110123 ussi 01 25 36111 01 20 sq.
3111012101160130 311301 11121 13111 5111

 

