mm nomm

Γ

0166661718

Creta 134. 21 133,6 32313 474,
20 4885 560, 30

016161161324, 15

01666616626111 134, 17

611116

0161166223

Crispinus 65,7

0111611241,24 247, 17 243, 5

0111161116 531, 25

cristophorus 556, 23 sq.

0111611111 83, 22

cmmmmawoen

01661161 477, 1

Crocus 241, 21

0166116434, 13

0161611112 3610

crunnus 534, 16 6127 533, 32 603,
36113 6123 601,17 606,1 607,
25 606,13 610,7 61 10 61 166136
612,36112

0111161115,17

cmmmmstsmasmm
235,4 270, 27 400,13 446, 22
447,3611. 448,1617 443,27
450,15

0111162317

οωωωῃθωῃ

0116116 547,7

οψὼωηηηο

0111111111 475,10

06111611 45123

Curia 231,21

Curio 153, 15 sq. 154, 15 et 26

0611661116 488, 3

0611111 Dentatus 27, 30 28,7 33,
216123 34,7

’ europalates 382, 30

Μ. 0111116620, 15

01111161 382, 2 616

Cyclades 513, 22

cyclobium 473, 30 6132 510, 13
cyme 208, 3

631

011116111147113

31Η611116ω6ω,
15 53214

cyprus 1616 138,6 23324 243,
17 465, 22 461,7 483,5 432,4
557, 17 557,30 5761861211 532,
661111661

0116116 134, 24 169, 24 203, 13

111166166166
533, 31

Qfflmfflstiwai

0611163,3 418,16 454, 14 455,10
451114 461,16 6121 6127 6132
61111616

cysseum 531,3

Cyzicena pugna 132, 21

Cyziceni 123, 13

0111661161 503, 23

Cyzicus 123,16 130,15 221,7 474,
3 500,16 513,13 530, 32

Β611161,6 mio 611

mmmmm

nmniimniwewzi
ewiffiw

Dacia Ripensis 263, 26 210, 1 613
wstiffiiwmauim

- 25 243, 7 6122 289,3

1166116 535, 136121
3161111 2161116161 534, 28
01611111 235, 24 ¹
31116111480, 16
11161111 274, 11
υῳωωωηο
Dalmatae 113, 2 173,31 232,13
Dalmatia 101,3 125,21 128,11
165,11 6120 235,26 254,18
307, 36 322, 28 342,13 411,4
1111611111 6661611611 526, 2
- monasterium 488, 21
Dalmatius 234, 7 24318 252, 26

6161Ν11666ῃ
u*

 

