nonnx nonmovn 715

Paoagnnthes 166, 11 31 15 31 16 31 39 3596 3163115
Pascha 226, 13 elna 31993113 359, 233125 3696 36928 313,6

391,1 113, 21 519, 29 3191511129 38915 nannenten
Postilla 511, 1 21 3115 3119 3891511111. 3991
Patauium 331, 31 315 31131 11 sqq. 39Ι,1 313
Ρ11111111113 2991 392,5 316 3121 3936311318
Paulicioni 511, 13 5191 eon, 11 313111· 191, ³ 311311 eo 19

696,19 611, 21 396, 25 398,2311315311131
Paulinae templum 1995 19 31 12 3113 31183131 39911
Paulinus Nolanus 339,4 1991 3183113 3125 31163119
Ρ31111111311,16311,19 3195318921 191, ¹2 4⁰², 3 et 1 et 13 3119

noanon 131,351.1,11531,13 411, 11 4191 1111113131 111,

5198 5191 665, 21 1131263129 11916311. 1293
-03111311311189 19 31 163129 1299 31 13 31113131
- constantinopoleos episc. 155, 21 1298 31 11 3111 11911 131, 11
- Cyprius 565, 19 31113129 132,131131153118
Paulus chartularius 513, 13 133, 1 31 29 135, 131 ll 13913
Pausanias 1, 11 3115 13921 31 22 3131 139, 21
Pelagiana 1111313313 336, 2ο 110, 3 31 11 3116 111, 163121
Pelagius 5396 519, 31 55933115 3121 111, 22 113, 1 31 16 3139
Ρ3131ς111311, 19 1111113. 11913113. 1193 lle,
3311311111, 11 131, 11 113, 3 13 1191111. 1591313 15911

Peloponnenses 138, 15 31 16 sqq. 15913131 15913311,
Peloponnesus 5691 168, 26 31 19 sqq. 159,8 3111
Pelusium 151, 15 sq. 133, 11 et 21 131, 11 1355131111 131, 11 3113
Ρ3113113151,5 181,9 5191318319 539,6
Ρ311111110113116, 16 111, 15 519, 9 31 12 511,113139 512,5
Pentecoste 195, 21 255,5 519,1 513, 13

Pergamus-95, 14 12916 5695 Perseus 16, 1 3111 3123 11, 2 31

Pergenais 5191 133111 1993111 81, 11 ,

Penigaatnn 199, 19 3131 Persica uictoria 1191

Perinthus 216, 21 321, 19 193, 21 -gaza 238, 19
165, 19 Ρ3131311136311111113921 2692 38918

Ρ31311133135, 11 Persicus 3996 13911 1392

Perozun 35913 - sinus 11913

perpollentem 13 126, 39 121,5 Ρ31313 225, 25 235, 22 113, 8 et 22

Persae 9,3 133,193121 165,153118 316, 29 39912 3125 392, 12 3991
16915 1991 198,23 29918 198, 26 3113 190, 213129 128,113111 119,
22919 225, 11 2195 239, 16 23916 1131213128 131, 18 3121 139531
235,3316236, 28 238, 28 251, 12 13183116131,1 135,8311131
219,1 lant 212,12 213, 22 3199 29 31 22 138, 11 111, 21 112, 29
31918 3199 31926 3291311 113,3119,131193123152,16
351,11 31 13 31 11311631 18 3121 31 21 3123 16919 168,16 1891

 

