INDEX NOMINVM

1

11155555155555115 5155 5551111551, 11 1151151155
516, 28 532, 2 51151125121 23 182,11 51021 53122 510.
55515 11 55511

11151193, 29 Abydus 511, 20 511, 20

1155ςί 135, 28 138,5 somate Aeacius 211,1 281,5 308,13
5115110 1551111611

Abasgia 506, 29 51 30 1555155 325, 151 18 sq.

1551555551, 151 165130 555, Achab 151, 15 5555 55515 5555
1 5111 Achaei 83, 1151 19

1555551111 555551 15 et 15 15155151 51, 11 11, 11 51. ’
151551551155, 31 185122 81,1 116,11 118, 2

1611115100, 23 119,10 153, 26 198,1

1115151551180, 13 51 18 51205129 15151515 253, 1 331. 5
181,2515518511151105128 1515155550,16
182, 11 51 20 51 24 51 28 5130 1511155 319, 22
180, 2 516 51115117 131, 7 Achillas 151, 21 1585
500,11 5818 Achilleae 11515155 921, 11

15155155 381, 5 51 12 15111155 29, 12

1111515111 151, 2 51 8 5121 1511115115 225, 25
1115515555 521, 25 1511115515 231, 21

1111111111 221, 15 1511111158 250,1

11151555 581, 1 519 Μ. Acilius Glabrio 12, 18

1151115155 188, 15 5130 189, 1 51 Μ. Acilius 96, 3
6519 51 105115 51115125 15156151255, 10
100, 5 191, 151 20 5126 191, Aeolius 291, 26
26 5130 511,1 1515155551 505, 25 521, 21 51 25

111115155538, 21 5392511 511,18 1515115116,18
1111151151 161,5 1515115115 511, 11 511, 28
Abundantius 301, 8 Actiacum bellum 162, 12
Abydi 121, 18 533,1 585, 31 1511551168,115132 169,5

 

