690 monn 0011111111

concauus, 11 1111 10 et 11 et 11011111.
Corcyra 155, 11 168, 211 sq. 501 6 et ⁶1 01 11 ’10,1
0011οω15129 101 12 01 16 011801 1:
Corinthio uass 81, 20 75,10 79,9 80,8 99.
00111111101100181, 19 Ρ. Cornelius Scipio 11110111
Corinthus 89,11 8110115 78, 29 19,1 81170118
Corioli 12, 90 19,2 210111 81, luetluet
001001101607,28 20190 81, 22 89, 20
00110110991710. 12 91,1 0129 02110
00100191010111919,19 10190118 97,5
Cornelius 0011100 amicus 190, 29 Cornelius Scipio consultum
Cornelius Gallieni 1111111229, 19 120, 29 sq. 121, 10 011
0011101101 episcopus 921, 28 925,1 0180126

019 Ρ. Cornelius Scipio socer
01.0011101101111111099,60111 159, 5 016 01 13

L. Cornelius Cinna 117, 12 119,10 0011101100 Scipio Nasica 79.
01180121 120901 1901271110. 100119 101,15
905,16 cornelius Sulla 101,8 111,

Cornelius Fuscus 202, 2 sq. 115,1019 1101101 25
011. Cornelius Gallus 169, 29 170,17 118, 7 0119 01 18 119, 1 sqq
Cn. Cornelius Lentulus 81, 19 89,10 121,7 0117 01 26 es 29
11, nu 11 et 111111 121010
Cornelius Lentulus 99, 21 25 0126 121, 1 et o et
C. Cornelius Lentulus 70,2 0126 129, 3 018 130, 25
Cn. Lentuli ludus 191,10 0121100. 0011101101 Tacitus 179,16

L. Cornelius Lentulus 19, 2 202, 5
Cornelius Lentulus (teianues.) 159, 0011199, 25
11 157,15 0011100101
0011101101 Nepos 290,1 91218 Coruinus 21, 22
Publius Cornelius Rufinus 27, 90 Corycus 128, 1
0011101101 Valerianus 228, 21 0. Cosconius 128, 10
L. Cornelius Scipio 39, 29 01 26 10,1 Cosmus 119, 91 1213 440
19,1201190118 518, 28 529,15 546, 21 :
L. Cornelius Sulla Faustus 159,7 01 20
8 01 15 sq. Cossurn 121, 2
Cn. Cornelius Scipio 52, 17 Cossus 171, 17
Ρ. 0011101111 52, 29 Cothon 81, 22
Ρ. 0011101101 Scipio 51,10 0129 sq. Cotrugus 177, 11
sni uo, 11 conmisso
Ρ. Cornelius Scipio Africanus maior Cotys 76, 29
5010120128 61,5 6219 69, 01010115211210. 591, 1⁷
1801170121 6590119 67,1 0101110011 175, 22
01 15 0125 0128 68,1 015 01 Cremera 19, 90 17, 26

 

