686

Gaudium 273, 26

cazari 489, 33

091111· 561,11
ω99991Μ19991
0911119119 81,4 126, 25

Celticus 92, 14

cenapum 148, 11

centenius Ρ91191969, 8

Centinan‘sia 196, 2

Cephalania 489, 11 495, 5 491, 31
0919199537,19

cercesium llll, 21 481, 29
cerealia sacra 138. 19

09199 217, 19

099911119912

cmmoaa

Chaeronia 229, 8

0191911482, 21 91 22 9124 488, 32
0191911119 391, 25 91 31 392,1 9115

INDEX honeravit

chalcideni 519, 9

0191919462, 31 543,19

chalcopratia 385, 29

Chaldaei 4, 27 8, 9 91 15
01919199459,21 4699

019191119443,5

01911119391,8 583, 39 809, 32
mmmmm ,
ωώωωωωωω1
612, 33

chartasianum castrum 523, 3
0191913119948825
9991499199
chanani 441, 169121 485,119119
196,3

(11999119 499,15 49212 195,3 529,
991 17539, 22 54112

chebronensis 329, 21

Chelidonii 878, 21

391, 23 3912 918 91 12 91 17 91 Cher-asa 481, 17

29 91 28 sq. 396,5 491,119113 cherson 456,19 472,5 487,7 489
91239125 91299132 4952991 29 49918 9121 4111991191
259132 497,149118 91299123 1891189129 4996919913

408,4 915 911 coartatas 419,

91 20 91 36 496, 15 563, 22

13 91 15 9129999. 411,3 91991 0191991999 495, 13
1391119122 4126191991 13 01919911191999491,4

9114 91219123 413,33913’1 414,

01911991 171, 9

8 919 91 19 9124 9127 421, 26 chonodamarus 281, 8
ωη4991999999 ammantat

91199199199
aeonaanmaeas

Chorasmiis, 1
chorosanitae 537, 24

9112 49213 49116 495,1191 chorreus 149,119121
18 teat etssqq. 529, 9 5297 019919999199435, 14

539, 22
01911991 535, 4
019199 586, 25
Chalcedon 129, 14 269, 28 362, 21
412,3 4265 424,19 442691
16 448,31 stato 411, 24 532,
29 589, 25
chalcedonense concilium 3539 355,
25 4511 9128 sqq.
chalcedonitae 451911

chosroes 91615 91 19 38115 91 ts

mammeamca
nanauaffiawan
999999991999 1
999991911499
199991999919
1Μ99ΜΛΜ999
19Μω99999ῃω9
91999999999
ananan mstauo

 

