rrnrx xornxvh 681

et 26 41111 11 10 442, 11 0111111 110111 110815 601123
0131 413, 21 445,601 10 01 6100 611, 1 01 26 0133 6122
,0120 0128 44640119 441, 0124
,01 16 01 28 01 29 4481101 15 christianissimus imperator 383, 23
2 29 449,1011001150118 01 061156011111205,10111 2185 328,
00100515051 w
,0111510 452,9 4512515131 christophorus 495,8
:⁶³2 22 christophorus spatharius 551, 0
⁸..wius 253, 29 Christus 181,19 190,9 21116 01
1011135118 01230125 24 221,1 24540113 241, 11
ssmmmh ahmstmwfflmw
ἵιίεὓαιιί 91, 21 181,280128 185, 212,18 211115 283,28 288, 21
2⁴17 1901202211 20128 20112 290,2 30224 309,1 311,11
ῗ210,110119 211,1014 213,23 3221 335,14 336,13 344,4

ζ511105111101
,πωωωηωψω
*wmwwmmmm
smwmwhoemr
{mmmmmhwm
¹ mmauhffiffiwmaw
*mmmmmmwm
mwfflwfflwmm
hmmahmhwm
³mwmhwwww9

011155010511
110155011150
110005000100
5000150011η
010111051100
0115005οΛ100
mwfflwmnmh
50955050 mah
00151050500
500519

⁹ 324,601150124 3522035331] chrysopolis229,4 412, 31 501,23

ammwaemmefflu
ammmshrmhm

505,5ι 510,10 555,01 511,15
510, ιι 501, 5 515, 11

wfflsmhhhhm‚fflmmmamw
wmhmnmmm,mmwmmm

24 45210 4531101111 451,2 cibala 241, 29 21510122

0111 4588 .459,13 46219 414, 0161010110531,18

5 416,1 411, 15 0132 48118 0161010101005 531, 1 019011.
486,28 492,210121 504,3 015110011510,28 558,13

513,3 514, 210124 515,8 5111, Cilicia 125, 20 121, 31 12111015

210131 520,4 523,8 0124
5211801 32 529,4 531,4 534,
31 535,50112 542, 32 5436

111,15 151,11 111,1 515,11
mmmmmmoemn
awmaemm

0120 549, 13111. 552,1011 21001101 Cilicia 198,2
555, 21 559, 12 sq. 560, 11 Cimbri 104,10 106, 24 101,601

565,5 016 et 16 510, 18 0131

11 166, 60124

ΜωωΑΜ5ΜυΜ,ωΜωΜωΜΛωΜ5
mmmmnmmhfflmwm
wauahawhmow,ffimwma2ah

 

