mnux nouimus

711

0130 131,8 132, 22 133, 2 013 0111041111· 480,3 481, 18 sq. 481, 16

Muothesiun 565, 4

Μιὼ111111101438, 10 452, 15 451, 5
458,1 450,12 461, 33 413,18
484, 5 011 01 14 485, 30 489, 18

014 015 1111 134, 14 1318101.

mstmffiiussnune
mensuum

0111111011101115011111 116, 11 1118
118,1 131,19 134, 16 139,1

0111111111 411, 11 0114

0101111111 541, 30

1101050516, 1 sqq.

Modogiselus 310, 30 311,10

Μο111111531,3 533, 11

0100111113

mmmsmwuumn
133, 3 01 11 sq. 134, 15 138,13
manum

Moesii 113, 31

Mogontiacum 185, 4

Molossus 31, 11

01011111 pons 11. 01111111 146, 8 01 16

0101011111133,1

0101051111536, 13

Monoeartum 391, 5

01010011101141, 14

Monophysitue 535, 18

01010101 518, 11

Μο10111011110455,1 0113 0116 456,
11 461, 16 511116

Μο111111516, 12 et 15

01011101 533, 1

Mopsucrene 161, 11

Mopsuestia 481, 13 48118

01011101101101559, 10

00000100100

Moropnulus 490, 10

01011111 459, 19

S. 01011110 150, 11

Moyeu 313, 11

Moyses 1, 10 451, 11 548,14 569,
14 510,5 513,3

Μ101101111 559, 8

1111011011 459, 14

Μ1011111,8 16,3

- Scaeuola 101, 8

mnmnwnmuunm
suueumuumume
100000

Mmmuusmnnmmm
mnunuuunuuun
mnumuaummmu
unsunuuunm
muuwmunmnui
0100 010 010 001

sq. 481,110111 53114 539,
110114

Μ1114111451, 11 sq.

Muluius pons 0101011111 110,11

L. Mummius 19, 11 81, 19 83, 11
8410140130

Μ111410150,15

Mundus 316, 18

1101111361

Mursa 219, 21 254, 25 256, 14

Murznlis 416, 11

Μ111011481, 15 0118

Musaeum, 13

Munatius 406, 10

0111011111 114, 16

Musonius 190, 1

Musiaco 01. Mystuoo 401, 10

0111111111185, 11

0111111611

Mutinense bellum 161, 11

0οΜ00

Myro 516, 10 591, 11

Myriangelns 381, 11

111τί101008

1110135110 315, 30 316, 6 39414
411,14

Mystoco 01. 01111100 301, 3

 

