mnnx uounivu 709

Β 394, 30, 395, 1 04304 8 04 49 12 423, 10 04 30 424, 13 427,
susustinetis 468,16 472,4 21 444, 32
iusrtyropolis 398, 3 04 20 400, 30 Mauritani 382, 4
.· 438, 30 Mauritania 43, 23 459, 3 125, 30
010555539016 283, 160412 0123 assi 325,
4244441448 310, 20 319, 25 19 4209 455, 25
:usmzss 5004 4455554554 555, 44 555, 45 siaa
4224841400444 505, 12 04 21 0424 04 28 542, 2 543, 13 544, 22 0429
4440414440493, 13 499, 25 502, 14 56018 568,9 591, 22
i 0423 503, 48 500704 450447 Maurus patricius 494,2 495, 27
!2 0424 04250426 505,2 5005 490, 200423 0428
.· 510, 19 0426 514,4 sias 517, Maurusii 366, 29 0432 369, 47 04
: 19 52014 0416 5202044 30 sqq. 3205 375,18 398, 12
5248001404 308, 26 04 30 309, 25 Maxentius 240,2 241, 28 242,8
Masinissa 55, 45 ei 45 iai 55, et 54 sq. naseinais 445,
40 50, 48 04, insilistis 905 45 05 44
102, 23 0244444444444236, 23 04 12 232, 2 04
Massicus 23, 16 22 isai 2408 241.4 243,10
Massilia ai 555, 45 554, 4 et ii Maximianus Herculius 4445 ’

242, 23 Maximinus 224, 22 225,16 243, 29
Massiliensis 24, 13 246, 32 247,2 5504
Masiniss, uid.Muhauias517,‘21 549, Maximus 240,Ιο 2409 2507 274,

4 5207 523, 12 04 31 2 292, 15 04 22 04 26 iisset

1414010288, 21 22 0422 294, 104804100413
Masinis 455, 55 st 55 et 50 st 45 555,5 555,
Mauortius 545, 54 55 sq. 555, 44 555, 5 assis
Mauri 102, 24 103,8 404,2 124, 455, 29 assuetis sinistis
11 485,11 228,9 283, 460421 Maximus Tyrius 214, 28

338, 3 04 24 382, 40 474, 26 Mazaca 484,9

486, 8 Mazari 306, 14
Maurianus 466, 24 Mean 395, 1
Mauricius 397, 4 0434 39033 394, Mechinia 84, 9

isqq. 5045555. 504, 45 505, Maii 4, 45 504, 55 545, 54

10 3901 innisi 10 4004 Media 95, 24 481,27 5209 5409
et 5 04 9 04 400447 404, 23 405, Medica regio 394, 20

430429 406, is 407,5 40040 Mediolanensis 374, 28

0428 409,12 410804100425 Mediolanum 52,25 23,2 228, 22 '
411, 30412 412, 18 04 20 04 26 23022 239, 23 24023 2929
413, 20 04 22 04 24 414, 24 415, 2905 304, 12 309, 11 isai
304 16 04 21 04 26 0428 41017 341, 22 348, 12

04250426 412,3 440204 41 Mediterranea 49025

04 27 04 29 449,2 420, usq. Mediterranei 456, 30

04804 4304230426 424, 704 Medullius mons 173‚3sq.

 

