INDEX uouluvu

Bassianus Antoninus 222, 9

L. Annius Antoninus Verus 215, 10
6113

Antoninus Caracalla 22610 223,11
Commodus Antoninus 217, 26
Antoninus Fuluius Boionius Pius
212,22 213,21 21130 215,11
216, 11 220,18

Marsus 16166166176166216, 1
Arrius Antoninus 201, 12

M. Antonius 123, 15 153, 13 162,
13 1612 165,13 160, 26
Antonio 568, 16 6122

Antonius 137, 11 138, 21 153, 21
151, 20 6121 161, 25 161161
1861206121 163, 6 61 13 61
0601Μ66Ώ6Ἇ6
30 16166115 166,2 167, 25
166561 21 61 28 61 23 6131
160, 2613 61106111612161
276123 170,3611161256126
66611 666, 66

L. Antonius 162, 11 16126
1660666221, 18 231628

Anusan 580, 20

Apamia 130, 28 516, 22
1161666166, 16

Apamiam 127, 10

Αρ616166661163, 13

Apenninus 55, 8

Aper 6666616 6666

16 Aphsca 256, 23

Aphusia 607, 5

Apiria 395, 31

16166666161

Apollinarius 368, 6

Apono 161 661 16616 11616

16606616181, 12 171, 20

Apollonias 101, 21 576,12

Apollonius Tyanensis 192, 12

Apollonius Stoicus Chalcedonius
216, 13

. Appia uia 25, 11 212, 12

677

Appion 131, 22

Appius Claudius 35, 20 38, 5 618
6196116 85, 25

Appius Norbanus 202, 16

Apsilia 6666 uos, 11 6166

Apsiliensibus 510, 6

Apsilionsinm 509, 22

Apsimarum Drangarium 0111161616-
16161813

Apsimarus 188, 26

Apulia 661 66, 16 6611 6616
6611 161, 11 16616 616, io '

L. Apuleius saturninus 116, 6

Aqua claudia 185, 12

Aquileia 1166 166, 16 661, 1 et
1 661, 61 61661

Aquileiam 253,8 3316

G. Aquilius Florus 33, 23

Aquilo 520, 20 532, 11 550, 17 61
18 560, 23

Aquilonis 331, 23

Aquis 331, 25

Aquitani 16, 16 et 61

Aquitania 116, 16 166, 61

Aquitaniam 666, 16 6166

Aquitanicus sinus 172, 23

Arabia 167, 17 206, 22 520, 10.
529, 23 537, 31 511116117

1165166160, 11 6130

1116066211, 6 613

Arabes 137, 23 206, 16 150,5 61
186128 160, 206127 166, 13
61116120 1611 17130 Ausus
160, 5 616618 183,76106125
6126 1817611661ῑὸ saules
20 513,6 51116116 511161
oet 16 et 61 611,1 616, 61
520, 10 6113 523, 11 527, 11
616, 66 661, 61 6666611. 611,
16132 613, 21 51116 sous
54117 550,11 560,6 561561
30 5711 578,16 582,5 531,
16 606,15

 

