116

481,18 482,18 5124 488, 82 585,
115121 531, 24 538,8 5385 541,
205124 581,21 593,21 601, 20

Persius 188, 28

Ρ51111111220, 12 221,45155112

Perusinum bellurn 182, 11

Petusium 184, 28

Pescennius Niger 220, 18 221, 8

Petra 151, aa·

Μ. Petreius 154, 11 aq. 159, 8 511
51125111

Patria 485, 28

Petrossa 414, 18

Petronia 423, 115121

Petronius 204,4 205,10

Petrus 184, 6 185,14 1888 812,20
318, 16 343, 26 31814 380, 26
401,105112 408, 8 51 10 5120
5128 5188 408851 14 5124 51
285128 410, 8 41821 411,2 51
11 420, 80 521, 28 5282151211
55513 5121 558, 13 aq. 568, 22
515, 28 518,8 585,8 801,5

- cnapheus 588, 1

- llegurnenus Sabae 512, 25

Phadalas 468, 10 410, 81 411, 2 51 11
413,11 414, 20

Phalaris 580, 15

Phalba 444,1

Phanagoria 13813 418, 23 480, 4
51 18

Phaon 188, 11

Pharao 523, 23 536, 11 598, 25

Pharas 381,8 51 5 51 luet 15 454, 25

Pharasmunius 508, 5 51 18 51 10 51
26 5180

1151551551115208, 14

Pharnaces 138, 185124 158, 21

Pharsalica 555115 184, 8

Pharsalici 150, 21

Pharus 1586 169, 21 48821 551,11
013,2

Phaselis 128, 4

nmax HOMINVM

Phasis 398, 4 454, 14 501, 2 514

1151155515, 18

Phanorinus 211, 8

Phidon 3, 22

Philadelphus 328, 4

1111155488, 21

Philippense bellum 162, 11

Philippi 151, 5 515 et 15 ooo, 11

Philippieus 882, 8 51 11 51 28 etat
393, 15 51245128 394, 6 51 13
5121 396, 28 381,15125128
5811185111 41512 51 135128
4151511511151145118 488,11
aanor 155, 5 51 uer ra sq. aaz,
1251 15 51 18 51255128 48814
51 16 1554518515 502,6 510,
85112

Philippopolis 221,21 568, 10 60813

Philippense, laetat 5121 61,4
5118 63,6 1518512555. 11,2
5115 12, 21 14, 21 15, 21

- imperator 225, 28 226, 10 51 24

’ 5126 221,1515

-apostolus 302, 1

- consul 810, 20

Philo 184, 4 518

Philopoemen 15, 8

Philostratus 181, 20

Phlegon 182, 30

Phocas 413, 2 416,13 411, 16 418,
15 sq. 11515555 151, rs er
18 51205125 422, 5 51 9 51 12
51 13 51 19 5128 423, 1 51 13 51
16 424, 8511511051 135121
512251215132 425,351151
10511651205128 42525111
51185124 421, 21

Phaonti, 18

Phoenice 138, 11 181, 20 181,15 223,
15 annno 551, 11 aaa, 11 1511
451,1 461, 14 466, 30 461,1 480,8
500, 30 501, 5 516, 19

1151511155 Phoenix 102, 18

 

