lllDllx 0001ον0 , 101

Η10100011011101100461,100114541,4 Hister 1011 51, 10 10, 4 010 134,
Hierusalem a, 24 00 400, su 400, lu auu, 12 0001 usa, 00 uuo,
13 40014 10 301, 18 3008 405, 30 400,
0100000440, ua 451. 40 aas 440, usello lusu 440,
Hilarious 35011 30 01310135 41010 llus 4400
Hildericus 33016 356,11 411,11
Hilerda 110, 0 Hiulcas 141, 30
Hillus 343, 11 Hiuid Lipsos 531, 11
Hiotuxis 508, 5 Ηοο00 381, 1
Hippo 1801 310, 18 1100030013
Hippodrumus 30018 3001 Holoplueruesll, 10
Hipponensis 3104 1100011100 311,1 451,18
11000000 104,11 sq. 138, 3 01 14 Homeritensos 310, 30
113, 8 Homeritas 311, 5
1111111340, 11 Ηο10011103, 14 lom
Hirtius 100401 180111 Ηο00100411, 110130 4101
Hirtuleius 110, 1 015 0111 0110 Honoratus 353, 9
1110001100 108, 11 aq. Honoris 335, 15
1110000100 381, 11 Honorius 283,3 104, 13 10013
11100010 5305 531,10 301,1 303, 15 304,11 sq. 3001
Hisdigerdos 3100 31010 011 0113 01100110 308,1 310
Η100 ibin Musae 548, 10 0111 5403 11 0115 3103 sq. 31018 314,1
Η10000515,16 315,110114 3101401100111
Hispani 41,4 114,11 10018 18010 01150110 311,10118011101
Hispania eallispaniue 500 saus 54, uu 040, 0 aa 0 ea 44 ea uo et 04
100111501000,1061,50110 310, 10 31011
0019 03, 16 04, 1 01 3 010018 Horatius Cocles 11, 11
0110 0110 05, 0 01 10 01 11 0111 Horatius Flaccus 11011 118, 5
aq. 00, 04 sq. 004 uu, 4 usa Horatius Puluulus ll, 4
0110 14, 8 01 10 1010 011101 Ηο1101000138,14 35015 350, 6 et
1410401501101110110 85,1 13 385, 10 0110 30018 0131
80180131 00, 60113 01, 14 30015 01 10 0111 0110 0131 400,
104, 15 11010 115,100114 110, 3015 01001001 1301 18 0110
4018 1103 118, 11 sq. 1106 01130110 401,3015016011
14010 154, 100114 1501301 010 414,1 45031 454,3 40010
04 ussus 00400140 ealles 1105000400, usq. 40000110 sq.
1400. 11013 0111 180,Ῑο 10015 105, 11 sq.
100,101001111018154,0113, Hortensius 15011 11015
11 1101 18015 0110 314, 14 01 11001011000401, 30
18 315, 18 31013 311,150111 Ηοο11110000 Perpenna 111, 16
3100 310, 300131 311, 10 311,1 C. Hostilius Mancinus 88, 8 01 0 01
33011 35013 531, 31 531,1 110115 801
53010 Tullus Hostilius 0, 10 1,10

 

