1

nunnx somnust 689

etis 258,1111151123
262,191129 26122 261121
1 215, 13 211, 1 11 15 11
111 2311 2818 286,
16 28116 29131161122
235, 21 301, 11 306, 11
11 11 310,16 322,16 325,
31 318, 23 329,161121
331,21 333,21 310, 1 11
1, 131121 31118 319, 23
1 351, 23 356,8 358, 23
360, 30 36191110 363,15
t 311131111121 315, 22
112011211130 38161113
1119 385, 29 389, 22 3911
1 111,12 126,131110 11 22
1111 151, 21 156,811
u254ffl‚w fflfflffl HQ
6 113, 23 113,15 11 13 11
6, 10 136,21 500,11 502,
5, 16 521,25 525, 6 553,
1, 18 51116 589, 31 596,
zm

inopolitnuus 2611 216, 21
1231111121 30111 311,
5,1 321, 16 310, 21 351,
1,30 103,9 155,3 156,10

ssffiffioewiffiloewmw
6153221261ἩΑ9ά21ά
23 11 25 115, 30 116, 3 11 23
111,28 113,25 11 26 11 31 11 32
130,3 11 6 11 11 11 26

Constantinus persecutor 511, 29 515,

3115 516,1 518,11 51111
5211611 18 5218 51126 526,
1 521811111121 52161115
111811261130 529,9 53118
29 5313118 5311111119 5315
53111 1121 53111115 53121
1123 538,12 53121 5115111
1115112311251136 511811-
1611111111 5111111125 1126
511111511111129 5111111111
516, 191111 511, 16 519,3 5511, 9
551111111129 55119 55131
55119 551111161121 5516
111 55111115 5611611311
561, 21 562, 611 1911251133
561111131118112211211121
5614 513, 29 51115 1112 515,
tetii> 5115119 518,8 51113
5911 6911511311 6911 611,
81113

Constantinus Serantspichus 58111

511, nu
‚inus Bohiin 581, 21

Constantinus spatharius 551, 1
Constantinln 119, 29
,11111116611118 2313 Constantianam et 16 1129 110,

181128 21151126 111,
221115 111, 161121 sq.
1 11118 sq. 211, 26 2113
211811131129112111
1. 211, 39 2116111211
Ι9,2 251, 26 sq. 251511
53,ss 15111111 151133
1 5219
tinus 311, 161123 315,11
390, 311 111, 11 118, 31
121, 23 11 28 1211511121

1511111121 21181111 1119
213,5 252, 22 sq. 253, 5 11 13
20 251, 11 255,1119111911
161119 2515 1519111911
231139 25161116 158, tet
11111113 2611121115 261,
61115 2611111118 26121

1 1126 2611211120 210,1 212,2

111111 111 tuus 3111111113
uu, institunt unu 3111
esseni 315, 21

1 inuuunt 11111111 1116111111
11111 1611 et 11 usu eonuugenses 1111

ΙΙΔ 1110111111

11

 

