41¹
xi? ⁴

mnas nomm

511, 15 515, 11 551, 17 123, 24
omnem

Syrmiunn 290, 29

811151145019 sqq. 451, 5 et 10 51

1η11ω111ηω51
imm

ayne 115

Tacitus 233, 25 5129

Taenarum 8,7

Tagus 79, 23 85,5

711111128910

Tamesis 145,10

711115476, 135115 477,11

Tanaquil 8, 13

71111114382251. 489,7

71115115 patriarcha 570, 13 572,12
5120 estis 581, 14 59975127
594,3 610,12

Tarentini 29, 7 51 10 34, 23

7115111115 luppiter 31,2 57, 1

Tarentum 28, 28 29, 14 32, 27 34,6
47, 26 ul, 27 205,4

7511511518

Tarpeius mons 5, 19 117,5

Aruns Tarquinius 10, 26

Lucius Tarquinius Superbus 9, 1

-Collatinus 10, 18 sq. 11, 2

Tarquinius iunior 9, 12

- Priscus 7, 28 acet 12 187, 26

-Superbus 8, 29 9, 21 51 29 10,
nummulum

Tarraco 17119

Tarsus 233, 28 246, 33 274,7 34819
396, 29 578,16

711151111611, 15

7115115115 406, 9 5131

7111115252, 11

Τ. Tatius 5, 22

7111115564, 2 568, 17 5129

1111151511

Taurinorum, 15

ln

711151511111194, 11 16818

Taurura 494, 26

Taurus 73, 27 128,7 167, 14 427,3
maumstwmw

7511115526

Telemachius 307, 9

Telergus 560, 25

Teleryqus 563, 24

Telesinus 123,16

75151111 545, 205125 5130 546, 2
et 10

Tencteri 174, 4

Terbellis 490, 30 491, 10 51 19 492,
30 515,155117

Terentius 70, 7 178, 15 286, 15

ll. Terentius Varus 154, 11 51 14

Ρ. Terentius Varro 57, 4518 55 20
58,8

Terra 369, 28

Tertullianus 207, 28

Tertullus 315, 21

711115120612

Tetraditae 606, 20

Tetricus 230, 12 232, 20 5131

75115515 309, 6

Teutobodus 107, 28

Teutones 106, 4 107,6 51 11 108,6

Teutonicum bellum 109, 29

7511115210, 14

75515181, 13

711111111206, 11

Thalassius 5, 13 51 15

Thapsus 159, 4

Theanum 115, 16

Thebais 208, 19 301,10

Thebani 434, 23

7115115511 58111 591,225130 592,13

Thebiath 534, 28

7115111111607, 16

7151151115274, 11

7555515115515, 27 602, 5 51 11 51
22 5131 610,5

7115561155 594, 5

 

