720

Romuliana (locasi 213, 23
111111111119 5, 23 iaici 1311
21 1⁶3, 16 19, 23 169, 25 212,
23 219, 22

Rubico 153, 10

Rufinus 296, 32 291,111 10 ct 11
111111181119112111231125
auo, 11 aona

1111111199,13

11111111, 11

1111111115, 29

Rusmiaaan 122, 10

Rutilius 9110 1111311129 113,13

8111111, 11 111, 11 111, 11

Sabaria 220, 20

8111113559 36115

sabina 211, 30
—Poppaca189‚3 ⁴

8111111151111 18112111112111
11 11 aret 11 1111 11,
usq. 111, 11111 11111 1111
181, lli 516, 11 et 1111 11 otio
519, 9 11 10

Sabinus lulianus 235, 15

Saborius 160, 21

81611111,111111111113

Sacer mous 12, 21

8111115111

Sacri portus 121, 21

Saeuus Amires 113, 20

Saguntini 11, ao

Saguntum 11, 11 111, 11

8111111161, 20

81111133, 10 136, 1511181131
et 33 137,6 110, 29 lasset
111116

Salamis 208, 23

Salaria 180, 19

Salassi 85, 26

Salacia 557, 21

Salentiuus 215, 9

mnan aarum

Saliban 190, 19 193, 11
8161111595, 19 599, 22 601,6 1
8111111538, 21

3111111539, 1 112 511, 22 513, 19
Sallentini 36, 16

Salomon 368, 16 et 18 369, liat

29 310, 8 ot 13 et 161121 315,
11

Salomon rex 161, 15

8111111128, 11 155,1 23921111.
1131 216, 20 31219

Salonianus 229, 111115

sumnus 111, 11 111, 11 111, 11
noar 1111

Salutis aedes 35, 11

3111111111, 11

Samaritae 221, 22 362, 29
1111111111 11, aas roan
1111111111111111111

1121 26111 12 sq. 21, 11 sq.
28,13 31, 15 33, 11 112, 18111,
10 11 12 at 26 115,6 1229 iiii

27 ilua

Summanus, 21 28, 2113 31110

Samosata 139, 13

Samosatam 1692 .

8111111102 198,1

8111111111332, 12

Sanguinarius ‹Aemssianusi 228, 12

Saphira 605, 211

Saphires 396, 1511 18

Saphis 168, 21

Sapor 2295 238, 21 251, 11 213.
22

Sarablaggas 135,11 11121 ot 32 353
911161129

Saraceni 288, 21 352, 21 353, il
362, 21 ct 28 382, 23 381,10 393,

 

