mnu nomivit

Iohannes papa 35121 151, 22 155,
35122 sqq. 35185117

- papa lohannacis 601, 2

- patriarchani, 11 1016

-15151515518122 1811513

-- 1151155515 115, 5

- princeps 11151555 3816

- protospatharius 516, 6 511, 29

-- sacellarius 567, 10

- sacellarius et Lugothets 575, 9

-— Sangrrinarius 3712

·-· spatharius 19110

·- syncellus 572, 29

-tyrannus318, 255130 311351
851165118

1555552115ι

Iordanes 1218 536, 8

1555111581, 16 561, 1 511 60123

Iosephus 1612 5120 51 27 21110

15515555 27111 211, 25 27115
2118 31116

155155 307, 27

11152516

1555155 287, 11 2811

1155510110

hauritis, 5

Isauria 12118 20126 361191617
5515

Isauricus 1219

Isbaal Lachanodrccon 561, 7

Ishaalithius 561, 6

iscariotes 621, 6

Isidorus 325, 25

Isium 201, 19

1551515115

Ismaclitas 271, 21

Israel 1, 26 32123 5516

Italia passim

scuranum '

lancinare

Ithemsmas 56129 5619 566, 3516

lturaeus 137, 23

Iuba 161, 27 159, 3 51 12 175, 30

luda 11556565555 92, 20

1551551113

1555511155 111, 26

1565515121 130 1113 1313
18122 187,6 19119

15555111 1128 3118 1111 17,
25 513 9120 10120 1117
12111 1311151. 13110 1615
18116 1811518113 1818 193,
165126 1912519 51 20 5126 511.
11118 199, 31 2012 2015 206,
13 21129 251, 10 25120 25121
2611 2716 3111 3211951
20 51 21 5125 sqq. 32115 36130
3612 3713 121101518 16111
16125 166, 21 51113

lucinula

Iugurtha 101, 1651. 10195120
1013 51 75115 5117 1011 1211

Iugurthina 51515515 107, 5

Iugurthinum 6511552 105, 11

1511522126

Iuliana 3518

1515555155 portus 186, 7

Iulianus 220, 21 22155112 236,
2651. 251951115113512251
27 25115111511251255130
2611551651 11 51 12 51205123
5130 261,13511151205121
262, 18 261 21 2613 2616 261
105121 27110 27132 27110
27113 5116 2111 2715517
5113 5111 2115 29116 3215

- 11555555 362, 30 3611

- magistrianus 383, 19 38113

15111129

0.Ι51155(15555512,15 113112 1118
13111 1112 51851125129
111, 13 sqq. 1111 113, 26 51 30
11121 1111511. 116, 15 sqq.
illicitatione 1115516
5115118511. 119, 23 15123 sqq.
151‚8sqq. 15175110511251

 

