1119911 9911111111 395

1199911191, 19 Laurentius 999, 19 991, 11 et 19
1111911119111365,33 Lauro 136, 13
1111619399 393, 5 sq. 393, 3 394,1 Lazi 353, 39 9331 3533934 435, 33
939 433,9 434,16 448, 39 449, 433,4
39911. Lazica 441, 9 93 35 503,1 598, 19
1191191191199 533, 13 93 33
Karalus 533, 13 563, 35 53569313 Laaica 399, 3 596, 39
535, 33 5399 5396 694, 36 Lemana 553, 33
Κ1311119363, 31 Ι199335,11 338, 4 939 346,3 935
341,3 93 3 93 16 93139339 343,3
93 39 sqq. 345, 35 346,11
- imperator 593, 3 aqq. 596, 3 93
149313 519, 13 93 39 513, 6 93
35 alnae 9338 93 39 analect
19 9335 516,193493199313
93139338 513,3 93393 13 93
159319 518,4 93 19 93 39 539,3
39, 36 93 3 93 14 93 13 531,33 533193
Lachanodracon 553 , 35 93 39 553, 4933 533124 sqq· 5331399· 531,
31 aq. 566,5 533, 39 5395 193 3 9339336 535,39333 536,
c. Laelius 91, 19 99, 1 19, 11 9 et 9 99911 91919 sq. 991, 11
1199119999,9119,11 9316 553,5 561,31 93 33 sq.
Laeuinus 39, 38 sq. 553, 19 563, 34 93 39 93 39 564,
119991111111 Macedonia) 63,4 63,6 16 565,1 93 34 93 33 566,3
Ι113111119111119133,9 133, 33 banaa 581, 38 583, 3 93 14 585,
Lampsacus 336, 39 333,3 36
Lancia 333, 13 - patricius Serantapichus 536, 33
Lancinna 533, 34 - eunuchus 533, 15
Langobardi 91911 91919 919199. - pupu 999, 9 991, 19
nana 9991 9999 91911 99119 - praetor Armeniacorum ⁵99, ¹1
561, 33 - praetor orientalium 69315 9313
Langobardia575,9aq. 611,3 613, 19 93 14 93 33 93 39
Laodicea 516, 19 613, 5
Larcius 13, 16 Leontiaangusta 419, 33
Laabannm 433, 33 [9996993399 34313 431,39 4336

111119111919

1951191135

Labienus 111,4 145,3 146,’33143,3
9349359319 159,34 199,3

- temp. impar. 33334

Lacedaemonii 39, 14 43,6 53,5

Latinus passim

Lateranus 331, 13 at 39
Latium 1, 5 9, 3

Latobogii 149, 5

Lauicanam iter 343, 3

Lauinia 3, 16 93 13 93 33 93 34

Lauinium 3, 13 93 35 aq. 88, 33

Acca Laurentia 4, 11
1319191119 1119991111

489393 1493 199341919311
93 14 93 16 93 30 93 33 4881093
159339 431, 33 493, 34

Μ. Aemilius Lepidus 33, 8 39, 1
119ρί6991319119111111134,36 1355933
- 1111 uir» 191, 11 199, 9 et 11 uu

17 93 19 anna 165,15 156, 33
1634933911. 1334 189,6

45

 

