mona Nonum

Lugdunum 150, 11 115, 2 221, 13
222,11 292, 21

1111199, 12 111, 11

Lupus Trccaaenns 336, 25

Lusitani 111 11, 11 aa 11 aaa ea
aasqq. 111 11, 11 111, 11 11111

Lusitania 79, 12 126, 16 1123

1111131110

111111111 Catulus 16, 15 1120 11, 2
1111

Ω.Ι11111111(1111111117,11 18,5 107,9
106,121125 121,22 121111
111116 126,11 131,1

1111111106, 15

Lycauthropi 590, 31

11111111111590,31 501,1

Lycaonia 596,6 605,12

Lycia 1111 aas, 1 111, 1 11111
5116

Lyco 31, 20

Lydius, 11

Lydia 561, 12

Lysias 565,3

Macarius 151, 1111 30

Macca 132, 21.

1011111511, 19 et 30

Macedones 10, 21 71, 1611 11 11,
161123 228, 26 525, 25

Macedonicae, 11 11, 1111111111
1111111111 11111111,
11 11,111,111,111,1111
81, 231127 104, 11 116,6 125,
20 127, saetas 121118 131,7
131. 41110 153, 26 163, 26 164,
1 -111, 11 223, 26 231,6 232,3
218,3 253,1 267,20 331,1
517, 29 513, 12 586,1 606,10
611,3

Macedonicum bellum 121, 16 132, 20
131, 16

Macedonicus 10, 11 12, 3 16,11

707

Μ11111111111,29 351, 10 353,16
351, 19 355,12

1111111531, 21

1111111111115, 16

Machameum

Machares 136, 16

111111111223, 10

Macrobius 6111111115, 16

1116111206, 22

Mani 513,2 561, 221127 5615
1116 565,1561,11568,3 56113

Madianitea 1111111 151, 21

Maecenas 116, 20

Maecenatiana 166, 23

Μ111111130,6

Mamaeanas 265,3 176,1111
1611.

Magistrianua 116, 20

Magna 223, 15

Maguauru 106, 25 113, 29 510, 33
563, 17 570,7 571, 27 589,12
598, 23 607,13

Magnentius 151, 1 1131123 256,
11 1111112311261128 260,
16 261,11 262, 21
101111111316

1111111111, 11

Mago 61,5 61,6

Magantiacum 221, 19 226, 26 2305
Maharbal 58‚5

Mahauam nuntiassemus 535,1
536,1 5312211125 etna 539,7

Maiorianus 310, 9

Maiorica 366, 6

1111111529, 16

Malaberga 350, 3

1111111111591, 30

Malagiua 511,2 561, 10 590,1
1111111501, 21 53225 suasae
111, 11 saus 11111 111, 11
580, 28 582,17 595,21 61126·
1111111111 561, 25

Mamercus 130,1

15*

 

